0.000000000000000 17.307533427909220
0.000010000000000 17.527245172255768
0.000020000000000 16.669395957703038
0.000030000000000 17.254524338902410
0.000040000000000 17.106992461364779
0.000050000000000 16.743075111617049
0.000060000000000 16.879489583953941
0.000070000000000 16.996548216141811
0.000080000000000 17.605736434461253
0.000090000000000 17.406194853222853
0.000100000000000 16.544795440035045
0.000110000000000 17.384436200400806
0.000120000000000 16.885422662567514
0.000130000000000 16.690831132717982
0.000140000000000 16.809699319880284
0.000150000000000 16.589272878394763
0.000160000000000 16.569157682144375
0.000170000000000 16.855850051761564
0.000180000000000 16.803843343299143
0.000190000000000 16.769801213920964
0.000200000000000 16.585187262535527
0.000210000000000 16.174112836207104
0.000220000000000 16.523976091577357
0.000230000000000 16.671687804124478
0.000240000000000 16.408724631883693
0.000250000000000 16.483380873258426
0.000260000000000 16.387505481814461
0.000270000000000 16.147314785927279
0.000280000000000 16.232838666274830
0.000290000000000 15.982854667385164
0.000300000000000 16.284421242791822
0.000310000000000 15.843941608590471
0.000320000000000 15.826376281743361
0.000330000000000 15.845225224614483
0.000340000000000 15.385421196991844
0.000350000000000 16.229284270696901
0.000360000000000 15.974152272633471
0.000370000000000 15.725808888214365
0.000380000000000 16.118707758611624
0.000390000000000 15.470370064743033
0.000400000000000 15.760420656223101
0.000410000000000 15.700944744060612
0.000420000000000 15.781608439458083
0.000430000000000 15.749038415951686
0.000440000000000 15.482355728435357
0.000450000000000 15.618350633696041
0.000460000000000 15.560577202228831
0.000470000000000 15.688448285910891
0.000480000000000 15.751074281502587
0.000490000000000 15.723949421775444
0.000500000000000 15.299195916453103
0.000510000000000 15.457386940848778
0.000520000000000 15.169236108242570
0.000530000000000 15.159658355148458
0.000540000000000 15.351441066082286
0.000550000000000 15.629941723013530
0.000560000000000 15.140238379162126
0.000570000000000 15.339353275224481
0.000580000000000 15.191015522185081
0.000590000000000 15.430806358193117
0.000600000000000 14.960871745174815
0.000610000000000 15.156691234312248
0.000620000000000 15.232324873456337
0.000630000000000 15.313724767206990
0.000640000000000 15.374370829126283
0.000650000000000 15.054781829497013
0.000660000000000 14.711485083460705
0.000670000000000 14.833689683120934
0.000680000000000 14.742318952358106
0.000690000000000 15.397349325697904
0.000700000000000 14.776896418541686
0.000710000000000 15.022526404805420
0.000720000000000 14.807455954212449
0.000730000000000 14.996823728894789
0.000740000000000 14.639426195728859
0.000750000000000 14.485368100973497
0.000760000000000 14.454903063207526
0.000770000000000 14.810702942313888
0.000780000000000 14.651403665063247
0.000790000000000 14.621610231974547
0.000800000000000 14.918751970995828
0.000810000000000 14.667401694086664
0.000820000000000 14.622966872163451
0.000830000000000 14.875388389757916
0.000840000000000 14.371522470866520
0.000850000000000 14.646429935274726
0.000860000000000 14.648933501672618
0.000870000000000 14.408104218117176
0.000880000000000 14.475032343724486
0.000890000000000 14.173899472120201
0.000900000000000 14.152765642541052
0.000910000000000 14.378736252706322
0.000920000000000 14.477733568826881
0.000930000000000 14.826017984905771
0.000940000000000 14.151293275732041
0.000950000000000 14.298003185012803
0.000960000000000 14.220016758043316
0.000970000000000 13.826002020177036
0.000980000000000 14.101015842703198
0.000990000000000 13.806186502188321
0.001000000000000 14.309620525366938
0.001010000000000 13.940471335044174
0.001020000000000 14.114737071046406
0.001030000000000 13.962561136190745
0.001040000000000 14.109026414128509
0.001050000000000 13.905218447671627
0.001060000000000 14.100343763988654
0.001070000000000 14.127394967910275
0.001080000000000 14.299175522127628
0.001090000000000 13.895352140800762
0.001100000000000 13.483987223728519
0.001110000000000 13.721323798156456
0.001120000000000 14.137844822557518
0.001130000000000 13.630279752748894
0.001140000000000 14.014786192565477
0.001150000000000 13.825389057840823
0.001160000000000 14.066000494617205
0.001170000000000 13.364660963042056
0.001180000000000 13.695578164335924
0.001190000000000 13.471921951551101
0.001200000000000 14.273561630427176
0.001210000000000 13.835567864977504
0.001220000000000 13.924976984671993
0.001230000000000 13.416298841807508
0.001240000000000 13.513057248384376
0.001250000000000 13.531224491583774
0.001260000000000 13.784433219392648
0.001270000000000 13.488295126240779
0.001280000000000 13.663389702149075
0.001290000000000 13.092020120155402
0.001300000000000 13.411004818265727
0.001310000000000 13.296537819637777
0.001320000000000 13.125412302127527
0.001330000000000 13.522074904916630
0.001340000000000 13.456620157219763
0.001350000000000 13.386749212827802
0.001360000000000 13.093233486896061
0.001370000000000 13.565468747611620
0.001380000000000 13.390092202074404
0.001390000000000 13.240413392635114
0.001400000000000 13.285058530383550
0.001410000000000 13.208418600517286
0.001420000000000 12.891194924681967
0.001430000000000 13.164608967169636
0.001440000000000 13.036049136017454
0.001450000000000 12.987145433688838
0.001460000000000 12.932451069670638
0.001470000000000 13.037844609129827
0.001480000000000 12.724932916772500
0.001490000000000 13.299288867057454
0.001500000000000 13.191516294053258
0.001510000000000 13.064637858463149
0.001520000000000 13.042905725652680
0.001530000000000 12.871520598340989
0.001540000000000 13.216260105711600
0.001550000000000 12.967325156341410
0.001560000000000 12.832583602600860
0.001570000000000 13.227362667460064
0.001580000000000 12.893801595299273
0.001590000000000 12.802694230276861
0.001600000000000 12.843567010624684
0.001610000000000 12.714623169469597
0.001620000000000 12.642145974421865
0.001630000000000 13.353406855893912
0.001640000000000 13.161413326723638
0.001650000000000 12.873998883735256
0.001660000000000 12.543316925620170
0.001670000000000 12.603965991214860
0.001680000000000 12.724141584460694
0.001690000000000 12.900189799184922
0.001700000000000 12.458032814624783
0.001710000000000 12.241055878586662
0.001720000000000 12.399873530644550
0.001730000000000 12.739126477056910
0.001740000000000 12.733493570849124
0.001750000000000 12.728424071403564
0.001760000000000 12.594962975929223
0.001770000000000 12.640755412374860
0.001780000000000 12.491850233886154
0.001790000000000 12.742613553764526
0.001800000000000 12.281063477814273
0.001810000000000 12.627665769317183
0.001820000000000 12.350239415926806
0.001830000000000 12.436388891292651
0.001840000000000 12.597371097247686
0.001850000000000 12.678143481095438
0.001860000000000 12.230370924019850
0.001870000000000 12.689665718291607
0.001880000000000 12.553259546527364
0.001890000000000 12.391415998996424
0.001900000000000 12.349763937443809
0.001910000000000 12.329166479529425
0.001920000000000 12.296005935186221
0.001930000000000 12.345236066590900
0.001940000000000 12.334943905276390
0.001950000000000 12.474016335291006
0.001960000000000 12.598375751833361
0.001970000000000 12.370598279052860
0.001980000000000 12.219565690670613
0.001990000000000 12.370897036706459
0.002000000000000 12.266912319512324
0.002010000000000 12.008778211324906
0.002020000000000 12.389097550337389
0.002030000000000 12.245243305004179
0.002040000000000 12.195499584270634
0.002050000000000 12.256203142420619
0.002060000000000 12.190179694090357
0.002070000000000 11.934400775771245
0.002080000000000 12.075084517513886
0.002090000000000 12.063249545927352
0.002100000000000 11.971020596381154
0.002110000000000 12.398859649903594
0.002120000000000 11.872362465698242
0.002130000000000 11.935867760434373
0.002140000000000 11.875405016942068
0.002150000000000 11.768191029052574
0.002160000000000 11.949865266599801
0.002170000000000 11.918830601216101
0.002180000000000 12.265042127959513
0.002190000000000 11.894656855929282
0.002200000000000 11.717104205647676
0.002210000000000 12.236174041253641
0.002220000000000 12.148004421401192
0.002230000000000 11.840779338777223
0.002240000000000 11.571158463404858
0.002250000000000 11.769200068305159
0.002260000000000 11.812721820014406
0.002270000000000 11.884956959801055
0.002280000000000 11.763392468218136
0.002290000000000 11.890239797104208
0.002300000000000 11.865912526696592
0.002310000000000 11.523423953253660
0.002320000000000 11.570041107891461
0.002330000000000 11.597532869651461
0.002340000000000 11.630358345209787
0.002350000000000 11.654021225887547
0.002360000000000 11.706891048864900
0.002370000000000 11.084868865403720
0.002380000000000 11.585654418494542
0.002390000000000 11.911945702913837
0.002400000000000 11.436559822766901
0.002410000000000 11.823134967839007
0.002420000000000 11.692987667837741
0.002430000000000 11.603701096156449
0.002440000000000 11.632615864175390
0.002450000000000 11.269781563248673
0.002460000000000 11.552596114127386
0.002470000000000 11.877048189589372
0.002480000000000 11.562726807663045
0.002490000000000 11.538173492859602
0.002500000000000 11.369949411216181
0.002510000000000 11.497547661240922
0.002520000000000 11.537149458582533
0.002530000000000 11.562969458803670
0.002540000000000 11.390184101491984
0.002550000000000 11.404550617314062
0.002560000000000 11.843716949441291
0.002570000000000 10.974486543650404
0.002580000000000 11.859266142412531
0.002590000000000 11.468150294934356
0.002600000000000 11.587950925710023
0.002610000000000 11.042447512416896
0.002620000000000 11.244655360556497
0.002630000000000 11.294471310262944
0.002640000000000 11.422088939329543
0.002650000000000 10.991006894380297
0.002660000000000 11.406914494754648
0.002670000000000 11.057597937077505
0.002680000000000 11.301024077113176
0.002690000000000 11.405914670784565
0.002700000000000 11.328551441119437
0.002710000000000 11.467400427424337
0.002720000000000 11.439861548590487
0.002730000000000 11.096274898039029
0.002740000000000 11.265715714403125
0.002750000000000 11.013314478769130
0.002760000000000 10.925755214825809
0.002770000000000 11.363038110506180
0.002780000000000 11.166079829074249
0.002790000000000 11.143119748998112
0.002800000000000 11.324399202730255
0.002810000000000 11.249197060927308
0.002820000000000 11.188463292707931
0.002830000000000 11.356652016514269
0.002840000000000 11.280774165014416
0.002850000000000 11.131019031084874
0.002860000000000 10.933279685017284
0.002870000000000 10.929361939800881
0.002880000000000 11.286448859525693
0.002890000000000 10.714053099174324
0.002900000000000 11.019952176002457
0.002910000000000 10.623535031238678
0.002920000000000 11.205898312828937
0.002930000000000 11.162670378142582
0.002940000000000 10.979121932068521
0.002950000000000 10.953318287199629
0.002960000000000 10.458858804855492
0.002970000000000 11.061013386526151
0.002980000000000 10.494988575112698
0.002990000000000 10.458349270456319
0.003000000000000 10.926954814677050
0.003010000000000 10.710067418613770
0.003020000000000 10.970889919052576
0.003030000000000 11.012848008043081
0.003040000000000 11.037891917861312
0.003050000000000 10.717038693609890
0.003060000000000 10.934103140405684
0.003070000000000 10.853343210489824
0.003080000000000 10.987451133766140
0.003090000000000 10.918520655180190
0.003100000000000 10.979950384534918
0.003110000000000 10.763099785505904
0.003120000000000 10.749192772852501
0.003130000000000 10.969364342034476
0.003140000000000 10.332285904961694
0.003150000000000 10.645337641090695
0.003160000000000 10.481404394960142
0.003170000000000 10.648304975789079
0.003180000000000 10.843886580520209
0.003190000000000 10.868654942782886
0.003200000000000 10.489909415914187
0.003210000000000 10.588102494735029
0.003220000000000 10.699169341798010
0.003230000000000 10.602868994925000
0.003240000000000 10.711111955103320
0.003250000000000 10.720270135894019
0.003260000000000 10.443856327376473
0.003270000000000 10.584076126705325
0.003280000000000 10.182645510819986
0.003290000000000 10.827787595628028
0.003300000000000 10.462576359284833
0.003310000000000 10.337332073599024
0.003320000000000 10.517048852342130
0.003330000000000 10.271872166072674
0.003340000000000 10.543221661281997
0.003350000000000 10.425079594561417
0.003360000000000 10.962615376199080
0.003370000000000 10.744627252854302
0.003380000000000 10.007458786233890
0.003390000000000 10.585030625918581
0.003400000000000 10.207093929928245
0.003410000000000 10.425693719867320
0.003420000000000 10.499595679735112
0.003430000000000 10.606298512587367
0.003440000000000 10.392205766083705
0.003450000000000 10.752165117453689
0.003460000000000 10.330833949461566
0.003470000000000 10.482666332387254
0.003480000000000 10.540279375501690
0.003490000000000 10.414564906621122
0.003500000000000 10.563938254963928
0.003510000000000 10.442636588705712
0.003520000000000 10.211436622174439
0.003530000000000 9.997488602760191
0.003540000000000 10.720604675820047
0.003550000000000 10.218328163689131
0.003560000000000 10.350279387561493
0.003570000000000 10.432639146889393
0.003580000000000 10.333148404581692
0.003590000000000 10.119931834889735
0.003600000000000 10.197806942951104
0.003610000000000 10.256869249411192
0.003620000000000 10.568160802338864
0.003630000000000 10.090752206028339
0.003640000000000 10.410419542020438
0.003650000000000 10.305805136044482
0.003660000000000 10.187927205176917
0.003670000000000 10.013947307786943
0.003680000000000 10.159180139700103
0.003690000000000 10.189360471156524
0.003700000000000 9.903533326916989
0.003710000000000 10.226586116517851
0.003720000000000 10.014451744649040
0.003730000000000 10.150846317027575
0.003740000000000 10.227744336226865
0.003750000000000 9.970401185297206
0.003760000000000 10.084534047330321
0.003770000000000 10.203074085063282
0.003780000000000 9.756788709467235
0.003790000000000 10.322077413938207
0.003800000000000 10.590718745601569
0.003810000000000 10.288673393524578
0.003820000000000 10.024628059678594
0.003830000000000 10.164518455599437
0.003840000000000 9.862630621276324
0.003850000000000 10.436456425917742
0.003860000000000 10.240101974485006
0.003870000000000 10.200529917202639
0.003880000000000 9.859007388454723
0.003890000000000 10.089315264978532
0.003900000000000 9.904831401976896
0.003910000000000 9.945390726198344
0.003920000000000 9.884882414741197
0.003930000000000 9.784966807947555
0.003940000000000 9.799614799735100
0.003950000000000 9.930655998106452
0.003960000000000 9.624155266942182
0.003970000000000 10.076761798675841
0.003980000000000 9.923016516607674
0.003990000000000 10.077763534254176
0.004000000000000 9.983237202453729
0.004010000000000 10.019561517226917
0.004020000000000 9.615497071597760
0.004030000000000 9.699506019792619
0.004040000000000 9.805617879967629
0.004050000000000 9.908426863916965
0.004060000000000 10.103740892432292
0.004070000000000 9.811519558075261
0.004080000000000 10.113360897395577
0.004090000000000 9.947694242947547
0.004100000000000 10.079011013523111
0.004110000000000 9.861175232189842
0.004120000000000 9.696040478328221
0.004130000000000 9.522761303439362
0.004140000000000 9.841795897069916
0.004150000000000 9.966084797092449
0.004160000000000 9.735552687422686
0.004170000000000 9.677628104997885
0.004180000000000 9.715791304714834
0.004190000000000 9.549954412433529
0.004200000000000 9.662443561314257
0.004210000000000 9.716689073035452
0.004220000000000 9.753815475783828
0.004230000000000 9.723719753866401
0.004240000000000 9.850591275788792
0.004250000000000 9.742054294117988
0.004260000000000 10.074878946932277
0.004270000000000 9.766384231457787
0.004280000000000 10.056800261161710
0.004290000000000 9.543217609170570
0.004300000000000 9.785109993702763
0.004310000000000 9.619727303658758
0.004320000000000 9.783801002784237
0.004330000000000 9.774571747161653
0.004340000000000 9.210612341702042
0.004350000000000 9.374457027410500
0.004360000000000 9.343729775731687
0.004370000000000 9.704386005936753
0.004380000000000 9.910159676135175
0.004390000000000 9.542876519053033
0.004400000000000 9.762841471626857
0.004410000000000 9.701639888364017
0.004420000000000 9.374377824203666
0.004430000000000 9.656387456008950
0.004440000000000 9.418722163336668
0.004450000000000 9.864578759675949
0.004460000000000 9.547053494780272
0.004470000000000 9.873025223670142
0.004480000000000 9.453089101708354
0.004490000000000 9.648279925878944
0.004500000000000 9.510144338622428
0.004510000000000 9.110636941314912
0.004520000000000 9.310945312222737
0.004530000000000 9.622233448085733
0.004540000000000 9.481130149433554
0.004550000000000 9.260753713065190
0.004560000000000 9.351633630645900
0.004570000000000 9.519238534079125
0.004580000000000 9.263173191180481
0.004590000000000 9.649225339592100
0.004600000000000 9.318567928022356
0.004610000000000 9.800973058131467
0.004620000000000 9.215734096125249
0.004630000000000 9.464068092918529
0.004640000000000 9.112563733499327
0.004650000000000 9.264597585130341
0.004660000000000 9.283244373102514
0.004670000000000 9.474748130890129
0.004680000000000 9.575509694149718
0.004690000000000 9.439798071723976
0.004700000000000 9.297720215200954
0.004710000000000 9.528081078699900
0.004720000000000 9.517425308027706
0.004730000000000 9.374368942106637
0.004740000000000 9.457272772937058
0.004750000000000 9.418293137361102
0.004760000000000 9.131067516133360
0.004770000000000 9.473114727172121
0.004780000000000 9.182517125820247
0.004790000000000 9.185945110567372
0.004800000000000 9.334904633449847
0.004810000000000 9.230816021776247
0.004820000000000 9.258769020534787
0.004830000000000 9.397035874143258
0.004840000000000 9.480176961922371
0.004850000000000 9.224079506537562
0.004860000000000 9.322082401289277
0.004870000000000 9.201776655919048
0.004880000000000 9.288261122407880
0.004890000000000 9.323260656251831
0.004900000000000 9.104821711909336
0.004910000000000 9.276110514904380
0.004920000000000 9.334326208121185
0.004930000000000 9.225544367362245
0.004940000000000 9.546042309681546
0.004950000000000 9.071368023093573
0.004960000000000 9.038687212723060
0.004970000000000 8.829157083347440
0.004980000000000 9.354277309117739
0.004990000000000 9.338659172066762
0.005000000000000 9.142339930667770
0.005010000000000 9.331103451318576
0.005020000000000 9.181252560494899
0.005030000000000 9.195787342522550
0.005040000000000 9.153349465876252
0.005050000000000 9.211895884706559
0.005060000000000 9.137396528194865
0.005070000000000 9.667703296383086
0.005080000000000 8.870089026019656
0.005090000000000 8.725761517909010
0.005100000000000 8.861697880575488
0.005110000000000 8.864391617766703
0.005120000000000 8.989578025679403
0.005130000000000 9.035858813986945
0.005140000000000 9.019112263505745
0.005150000000000 9.164365282457265
0.005160000000000 9.127244242786601
0.005170000000000 9.192942545766805
0.005180000000000 9.391666769043535
0.005190000000000 9.273959987104149
0.005200000000000 8.766041144526199
0.005210000000000 8.550259306129359
0.005220000000000 9.189807256323826
0.005230000000000 8.635676843928588
0.005240000000000 9.009552399711142
0.005250000000000 8.996706125380507
0.005260000000000 9.428465783934332
0.005270000000000 8.962623942361070
0.005280000000000 8.868449445582250
0.005290000000000 9.010535854751204
0.005300000000000 9.006007304869669
0.005310000000000 8.964340299501821
0.005320000000000 8.822112544165224
0.005330000000000 8.692819780917198
0.005340000000000 8.994160719084739
0.005350000000000 8.655821325965775
0.005360000000000 8.711505124640732
0.005370000000000 9.177744242046471
0.005380000000000 8.821291706838617
0.005390000000000 8.870591449501658
0.005400000000000 9.072215833246076
0.005410000000000 8.825836823813082
0.005420000000000 9.085351867374005
0.005430000000000 8.804097232036289
0.005440000000000 9.069314461008220
0.005450000000000 8.986276586585054
0.005460000000000 8.811474113574999
0.005470000000000 8.674616967615901
0.005480000000000 8.632825866698543
0.005490000000000 8.781136620613344
0.005500000000000 8.741236686895311
0.005510000000000 8.740856349012486
0.005520000000000 9.013038152628614
0.005530000000000 8.750539170825615
0.005540000000000 9.032575437197247
0.005550000000000 8.691288209469841
0.005560000000000 8.985909440335460
0.005570000000000 8.680741704836871
0.005580000000000 8.814314274892727
0.005590000000000 8.966964563699424
0.005600000000000 8.683852157962258
0.005610000000000 8.672833416457062
0.005620000000000 9.155017804989662
0.005630000000000 8.938401763607247
0.005640000000000 8.655676856751828
0.005650000000000 8.865751478623254
0.005660000000000 8.657844883533317
0.005670000000000 8.864945030487910
0.005680000000000 9.000856756851199
0.005690000000000 8.390713723304506
0.005700000000000 8.911328345790414
0.005710000000000 8.991103088155038
0.005720000000000 8.702966485904883
0.005730000000000 9.036697105990243
0.005740000000000 8.712507627473151
0.005750000000000 8.428001330941454
0.005760000000000 8.230732302711496
0.005770000000000 8.596766347944856
0.005780000000000 8.800183702257454
0.005790000000000 8.714994511440338
0.005800000000000 8.728283574036354
0.005810000000000 8.524203484162559
0.005820000000000 8.662490605562203
0.005830000000000 8.300037249072076
0.005840000000000 8.469843016559487
0.005850000000000 8.452203455933290
0.005860000000000 8.714019315749240
0.005870000000000 8.601363359811282
0.005880000000000 8.367221668729673
0.005890000000000 8.590565034002848
0.005900000000000 8.448660655591967
0.005910000000000 8.447445916485721
0.005920000000000 8.747788820998787
0.005930000000000 8.591826186471566
0.005940000000000 8.643008371396174
0.005950000000000 8.734333391345178
0.005960000000000 8.587804639297115
0.005970000000000 8.656147736191290
0.005980000000000 8.676803430517227
0.005990000000000 8.768576031351351
0.006000000000000 8.623880089825274
0.006010000000000 8.805418100242935
0.006020000000000 8.521766736683118
0.006030000000000 8.501954489790553
0.006040000000000 8.846088458851721
0.006050000000000 8.398182134894856
0.006060000000000 8.493866197438722
0.006070000000000 8.672733049430558
0.006080000000000 8.513053525530655
0.006090000000000 8.758420284893232
0.006100000000000 8.678609361464549
0.006110000000000 8.524460180090257
0.006120000000000 8.304977064538491
0.006130000000000 8.568236192871190
0.006140000000000 8.172762464277470
0.006150000000000 8.492580846229895
0.006160000000000 8.599782349422314
0.006170000000000 8.475121039626949
0.006180000000000 8.602875648290754
0.006190000000000 8.829152356568596
0.006200000000000 8.600609833328971
0.006210000000000 8.463662387928098
0.006220000000000 8.533076043997612
0.006230000000000 8.484314918528272
0.006240000000000 8.130756483604626
0.006250000000000 8.304911481216388
0.006260000000000 8.627633006792509
0.006270000000000 8.368489465221726
0.006280000000000 8.488210946245420
0.006290000000000 8.164955352419700
0.006300000000000 8.373696856910122
0.006310000000000 8.475399076379077
0.006320000000000 8.077593883244532
0.006330000000000 8.413980570576408
0.006340000000000 8.302667525578244
0.006350000000000 8.145712269230430
0.006360000000000 8.320704538926696
0.006370000000000 7.943551106536817
0.006380000000000 7.891826327785193
0.006390000000000 8.076655512433717
0.006400000000000 8.108561026147955
0.006410000000000 8.066697064604032
0.006420000000000 7.950862773853069
0.006430000000000 8.348247467137380
0.006440000000000 7.966427312307732
0.006450000000000 8.301978697151062
0.006460000000000 8.432027771499245
0.006470000000000 8.268857200158882
0.006480000000000 8.282621017305678
0.006490000000000 8.183073123040225
0.006500000000000 7.956883117023948
0.006510000000000 8.239376937583319
0.006520000000000 8.435036497787081
0.006530000000000 8.585259703086111
0.006540000000000 8.146317164554084
0.006550000000000 7.901649972734978
0.006560000000000 8.255148511279232
0.006570000000000 8.291905048762795
0.006580000000000 8.166042964205541
0.006590000000000 7.976440101849949
0.006600000000000 8.605886870128215
0.006610000000000 7.723921702059758
0.006620000000000 8.088646288578108
0.006630000000000 7.921138088486030
0.006640000000000 8.053068257117815
0.006650000000000 8.238703058923143
0.006660000000000 8.197589381988644
0.006670000000000 8.022687904414965
0.006680000000000 8.315098853753073
0.006690000000000 8.279048235588558
0.006700000000000 8.278924979971922
0.006710000000000 8.059209845773285
0.006720000000000 8.348947716819609
0.006730000000000 8.266276345106450
0.006740000000000 8.630800743142538
0.006750000000000 8.336657431670286
0.006760000000000 8.350277001794117
0.006770000000000 8.124423493089436
0.006780000000000 7.851093450172880
0.006790000000000 8.029477168543036
0.006800000000000 7.947121623765212
0.006810000000000 7.980852612109747
0.006820000000000 8.199648273171544
0.006830000000000 7.972246869110886
0.006840000000000 7.899569508566107
0.006850000000000 7.991723956176656
0.006860000000000 8.036417201212206
0.006870000000000 8.145474162147732
0.006880000000000 7.868100443882484
0.006890000000000 8.117119129174664
0.006900000000000 8.064295244949465
0.006910000000000 8.308611493844920
0.006920000000000 7.996151041862785
0.006930000000000 8.006947683991488
0.006940000000000 7.794638040526602
0.006950000000000 7.746929955048567
0.006960000000000 8.081164918354245
0.006970000000000 7.964253659140191
0.006980000000000 8.109995934205900
0.006990000000000 7.825817906260590
0.007000000000000 8.381163109133546
0.007010000000000 8.019024610893668
0.007020000000000 8.199110303026405
0.007030000000000 7.939452119339443
0.007040000000000 7.947475590816239
0.007050000000000 8.113133468725184
0.007060000000000 8.081428823391644
0.007070000000000 7.741388098596838
0.007080000000000 7.654069355704853
0.007090000000000 7.736210474050074
0.007100000000000 7.667812623122219
0.007110000000000 7.958071834853953
0.007120000000000 7.859105112261617
0.007130000000000 7.862957861882086
0.007140000000000 7.659579205078253
0.007150000000000 8.082904231041491
0.007160000000000 8.010098954416144
0.007170000000000 7.899525275320002
0.007180000000000 8.116925869539953
0.007190000000000 7.733141041535502
0.007200000000000 7.986131077394337
0.007210000000000 7.968140319636658
0.007220000000000 7.963570981510756
0.007230000000000 7.743145601980592
0.007240000000000 7.949644982583814
0.007250000000000 7.776589384839433
0.007260000000000 7.695572142531672
0.007270000000000 7.629510260587930
0.007280000000000 8.073036396527337
0.007290000000000 7.691600624003833
0.007300000000000 7.821529704173386
0.007310000000000 7.609711859047565
0.007320000000000 7.787353479156437
0.007330000000000 7.195714603160399
0.007340000000000 7.620080375595227
0.007350000000000 7.547541766659537
0.007360000000000 7.625302322063104
0.007370000000000 7.780909197092654
0.007380000000000 7.753869902122272
0.007390000000000 8.203202486575274
0.007400000000000 7.695358383372069
0.007410000000000 7.755103281559523
0.007420000000000 7.486649946947045
0.007430000000000 7.700446388375343
0.007440000000000 7.523744029343701
0.007450000000000 7.792822145257659
0.007460000000000 7.952809198674154
0.007470000000000 7.858478549879453
0.007480000000000 7.632946315733177
0.007490000000000 7.442410754218937
0.007500000000000 8.055977399925624
0.007510000000000 8.169445178439570
0.007520000000000 7.779005042685968
0.007530000000000 7.552399297911768
0.007540000000000 7.985414997984685
0.007550000000000 7.622816915512336
0.007560000000000 7.642880097550258
0.007570000000000 7.909617595111277
0.007580000000000 7.450804630919047
0.007590000000000 7.332010577234283
0.007600000000000 7.803017174168978
0.007610000000000 7.794553372589657
0.007620000000000 7.728965799883928
0.007630000000000 7.804812082305003
0.007640000000000 7.917467383049064
0.007650000000000 7.890659089416631
0.007660000000000 7.578412077662885
0.007670000000000 7.849683042502162
0.007680000000000 7.717906898500570
0.007690000000000 7.577723851079278
0.007700000000000 7.435752275818142
0.007710000000000 7.799394803823406
0.007720000000000 7.594869375405118
0.007730000000000 7.670480161374691
0.007740000000000 7.498209182368329
0.007750000000000 7.342307265126167
0.007760000000000 7.682344943470470
0.007770000000000 7.631223379468031
0.007780000000000 7.879086316249682
0.007790000000000 7.795257080298332
0.007800000000000 7.841218681368534
0.007810000000000 7.476429873040580
0.007820000000000 7.434593325737577
0.007830000000000 7.363700600750979
0.007840000000000 7.712779323656536
0.007850000000000 8.166670566918082
0.007860000000000 7.750045774849568
0.007870000000000 7.445601442017720
0.007880000000000 7.763229762453299
0.007890000000000 7.365931538056623
0.007900000000000 7.302403995041374
0.007910000000000 7.726492699797303
0.007920000000000 7.423135151586596
0.007930000000000 7.637631231739389
0.007940000000000 7.851464649775111
0.007950000000000 7.646111868050459
0.007960000000000 7.747554054360733
0.007970000000000 7.236202336651615
0.007980000000000 7.685416515775029
0.007990000000000 7.976561902166878
0.008000000000000 7.652847199463335
0.008010000000000 7.232207412617424
0.008020000000000 7.495523475017097
0.008030000000000 7.431933813404781
0.008040000000000 7.604312088936168
0.008050000000000 7.605900441565194
0.008060000000000 7.600383532705436
0.008070000000000 7.442326112384099
0.008080000000000 7.391030664060504
0.008090000000000 7.388775639144873
0.008100000000000 7.673215511801269
0.008110000000000 7.127725166862494
0.008120000000000 7.452691100419230
0.008130000000000 7.544057825627618
0.008140000000000 7.355263923499392
0.008150000000000 7.577104998404691
0.008160000000000 7.463242488197301
0.008170000000000 7.285698485340773
0.008180000000000 7.501489209439985
0.008190000000000 7.411443107144351
0.008200000000000 7.378973743319575
0.008210000000000 7.314557715307570
0.008220000000000 7.464990720786908
0.008230000000000 7.079360512586486
0.008240000000000 7.364809827734698
0.008250000000000 7.331662262274701
0.008260000000000 7.253892950949137
0.008270000000000 7.562718452603693
0.008280000000000 7.281235869862528
0.008290000000000 7.532133418532921
0.008300000000000 7.615096935568486
0.008310000000000 7.384481900205444
0.008320000000000 7.467348325778939
0.008330000000000 7.535629641536525
0.008340000000000 7.387473526034757
0.008350000000000 7.507791322083984
0.008360000000000 7.143057692384435
0.008370000000000 7.613613988703322
0.008380000000000 7.189580422924228
0.008390000000000 7.017694676646825
0.008400000000000 7.656335624803568
0.008410000000000 7.362869764821800
0.008420000000000 7.461183678582467
0.008430000000000 7.294737208726023
0.008440000000000 7.159266778809589
0.008450000000000 6.744785397294591
0.008460000000000 7.480643633874196
0.008470000000000 7.294060726348143
0.008480000000000 7.307943907798530
0.008490000000000 7.424553465487076
0.008500000000000 7.055587634384596
0.008510000000000 7.189598236340938
0.008520000000000 7.560987819825265
0.008530000000000 7.447135144031802
0.008540000000000 7.067350918252576
0.008550000000000 6.879004249252688
0.008560000000000 7.201462724715486
0.008570000000000 7.354571127186480
0.008580000000000 7.496312001105985
0.008590000000000 7.322651424303661
0.008600000000000 7.075518610840541
0.008610000000000 7.357292053654315
0.008620000000000 7.057677945649435
0.008630000000000 7.096040918741685
0.008640000000000 7.153581412219622
0.008650000000000 7.034548730207685
0.008660000000000 7.222338327764867
0.008670000000000 7.092650072070035
0.008680000000000 7.211616416665411
0.008690000000000 7.172387709700936
0.008700000000000 7.179038154658304
0.008710000000000 7.156415373410615
0.008720000000000 7.499915347976806
0.008730000000000 7.371454495775357
0.008740000000000 7.257350170743305
0.008750000000000 6.948293430873581
0.008760000000000 6.912673899791767
0.008770000000000 6.841040574157322
0.008780000000000 7.751191428830991
0.008790000000000 7.420793168813351
0.008800000000000 7.273885024200972
0.008810000000000 7.023816047160287
0.008820000000000 6.985571245050370
0.008830000000000 7.320556670132667
0.008840000000000 7.520234866489480
0.008850000000000 6.864743280125183
0.008860000000000 7.109731115500746
0.008870000000000 7.178955369694608
0.008880000000000 6.793622156742768
0.008890000000000 7.356483134388775
0.008900000000000 7.101519216944129
0.008910000000000 7.563108747546717
0.008920000000000 7.098718982681337
0.008930000000000 7.254965854434729
0.008940000000000 6.940879062402515
0.008950000000000 7.040631738100376
0.008960000000000 6.928104249373579
0.008970000000000 7.236612720534435
0.008980000000000 7.414718918747997
0.008990000000000 7.031880517725948
0.009000000000000 7.234146289196245
0.009010000000000 7.042265534136111
0.009020000000000 7.159830860853552
0.009030000000000 7.374935172962079
0.009040000000000 7.156021823419199
0.009050000000000 6.920881214948941
0.009060000000000 6.953118309828072
0.009070000000000 7.086857579249772
0.009080000000000 7.078796675933499
0.009090000000000 6.940269581961458
0.009100000000000 7.145872131758756
0.009110000000000 7.359356061967842
0.009120000000000 7.052131941802809
0.009130000000000 7.057771582597263
0.009140000000000 6.654705356372188
0.009150000000000 6.936435603325847
0.009160000000000 6.809016526484188
0.009170000000000 7.006761254934724
0.009180000000000 7.185466910341177
0.009190000000000 7.381349254493121
0.009200000000000 7.432744343396935
0.009210000000000 7.046022938346314
0.009220000000000 7.001719168864711
0.009230000000000 7.225624543849233
0.009240000000000 7.156520263096544
0.009250000000000 7.207910043376149
0.009260000000000 7.206891245158746
0.009270000000000 6.751554255618726
0.009280000000000 7.152072156742528
0.009290000000000 7.022079846136056
0.009300000000000 6.884729662866070
0.009310000000000 6.894457730353015
0.009320000000000 7.285869234159930
0.009330000000000 6.864035201015756
0.009340000000000 6.775028258045195
0.009350000000000 7.061742580607796
0.009360000000000 7.417377154850648
0.009370000000000 7.016755337467941
0.009380000000000 7.069730117671887
0.009390000000000 6.816850689273936
0.009400000000000 7.335777335244616
0.009410000000000 7.022369896859608
0.009420000000000 7.099834725542972
0.009430000000000 6.799847127890667
0.009440000000000 7.157519712032060
0.009450000000000 7.060994739897717
0.009460000000000 6.748423880736819
0.009470000000000 6.984034679349538
0.009480000000000 6.882433532318009
0.009490000000000 6.990873474802517
0.009500000000000 6.915387977137559
0.009510000000000 6.923996891074252
0.009520000000000 6.751877204239665
0.009530000000000 6.890288208155792
0.009540000000000 7.104742640396344
0.009550000000000 7.296866566018426
0.009560000000000 6.712326580338019
0.009570000000000 7.416415538144474
0.009580000000000 7.242655320529287
0.009590000000000 6.967651738378318
0.009600000000000 6.870223384431677
0.009610000000000 6.787252221505184
0.009620000000000 7.090059501299003
0.009630000000000 6.781110562727985
0.009640000000000 6.824185151116809
0.009650000000000 7.089819213836063
0.009660000000000 6.996822552110473
0.009670000000000 7.085525001797469
0.009680000000000 7.003667624517839
0.009690000000000 6.819091349736688
0.009700000000000 6.793054592459765
0.009710000000000 7.051654984279602
0.009720000000000 6.754704546507318
0.009730000000000 7.122839338314511
0.009740000000000 7.040216702529032
0.009750000000000 6.936193206267162
0.009760000000000 6.875870541592787
0.009770000000000 6.944928972056807
0.009780000000000 7.573725110801036
0.009790000000000 6.842490016069473
0.009800000000000 6.550250144092796
0.009810000000000 7.241184745976437
0.009820000000000 6.976732618883153
0.009830000000000 6.721783962786604
0.009840000000000 7.371439899100238
0.009850000000000 6.954773372560087
0.009860000000000 6.900038131800295
0.009870000000000 6.682246468905713
0.009880000000000 6.621450762518831
0.009890000000000 6.477379240402590
0.009900000000000 6.743107109195992
0.009910000000000 6.613703196889638
0.009920000000000 6.950511087396052
0.009930000000000 6.754074438198622
0.009940000000000 7.168042101589930
0.009950000000000 7.113007645542670
0.009960000000000 6.840344268108225
0.009970000000000 6.747644152112615
0.009980000000000 7.031288391569933
0.009990000000000 6.568215675840674
0.010000000000000 6.928922543832796
0.010010000000000 6.657029430368427
0.010020000000000 6.707460329595976
0.010030000000000 6.649840832645494
0.010040000000000 6.896007170605539
0.010050000000000 6.621946307005902
0.010060000000000 6.561539998705703
0.010070000000000 6.881538707935319
0.010080000000000 6.682951660541266
0.010090000000000 6.836652806398099
0.010100000000000 6.690659028123582
0.010110000000000 6.811650071852336
0.010120000000000 6.241560656356275
0.010130000000000 6.844335487035065
0.010140000000000 7.118590513231970
0.010150000000000 6.952455378471479
0.010160000000000 6.923499527618057
0.010170000000000 6.690100164107074
0.010180000000000 6.770975748605202
0.010190000000000 6.780359247809346
0.010200000000000 6.747524608817763
0.010210000000000 6.558892506615199
0.010220000000000 6.651279417125065
0.010230000000000 6.683521961499708
